Detection Results:
(0, ultralytics.engine.results.Results object with attributes:

boxes: ultralytics.engine.results.Boxes object
keypoints: None
masks: None
names: {0: 'Accident', 1: 'car', 2: 'motor cycle'}
obb: None
orig_img: array([[[156, 168, 162],
        [157, 167, 161],
        [162, 162, 162],
        ...,
        [207, 195, 207],
        [220, 208, 220],
        [216, 204, 216]],

       [[153, 160, 157],
        [157, 162, 160],
        [167, 165, 165],
        ...,
        [210, 198, 210],
        [221, 209, 221],
        [216, 204, 216]],

       [[146, 146, 146],
        [160, 158, 158],
        [165, 157, 158],
        ...,
        [212, 200, 212],
        [219, 207, 219],
        [212, 200, 212]],

       ...,

       [[172, 161, 164],
        [172, 161, 164],
        [169, 160, 163],
        ...,
        [ 93,  85,  86],
        [ 93,  85,  86],
        [ 94,  86,  87]],

       [[172, 161, 164],
        [172, 161, 164],
        [171, 160, 163],
        ...,
        [ 93,  85,  86],
        [ 93,  85,  86],
        [ 94,  86,  87]],

       [[171, 160, 163],
        [172, 161, 164],
        [171, 160, 163],
        ...,
        [ 92,  84,  85],
        [ 93,  85,  86],
        [ 93,  85,  86]]], dtype=uint8)
orig_shape: (720, 1280)
path: ''
probs: None
save_dir: None
speed: {'preprocess': 260.0405216217041, 'inference': 1337.402582168579, 'postprocess': 155.7166576385498})
